%YAML:1.0

#common parameters
#support: 1 imu 1 cam; 1 imu 2 cam: 2 cam; 
imu: 1         
num_of_cam: 2

imu_topic: "/mav/imu/data_raw"
image0_topic: "/camera/camera/infra1/image_rect_raw"
image1_topic: "/camera/camera/infra2/image_rect_raw"


output_path: "/home/alexmanson/altivision/vins_config"

cam0_calib: "left.yaml"
cam1_calib: "right.yaml"
image_width: 640
image_height: 480
   

# Extrinsic parameter between IMU and Camera.
estimate_extrinsic: 1   # 0  Have an accurate extrinsic parameters. We will trust the following imu^R_cam, imu^T_cam, don't change it.
                        # 1  Have an initial guess about extrinsic parameters. We will optimize around your initial guess.

body_T_cam0: !!opencv-matrix
   rows: 4
   cols: 4
   dt: d
   data: [ -0.018239969329657546, -0.039340239236961179,
       0.99905938216686185, 0.11561055953754749, -0.99983354706682348,
       0.0011436626407934636, -0.018209069046436436,
       0.031740409766298334, -0.00042623775874923525,
       -0.99922521866321135, -0.039354551310239794, 0.08880940621791282,
       0., 0., 0., 1. ]
body_T_cam1: !!opencv-matrix
   rows: 4
   cols: 4
   dt: d
   data: [ -0.018122016388176121, -0.039058253636554609,
       0.99907259263023007, 0.11501356981469922, -0.99983564940117431,
       0.0012240593645969078, -0.018088003350413374,
       -0.017554399266968106, -0.00051643834028215502,
       -0.99923618554450622, -0.039074016813045898, 0.088703133521005215,
       0., 0., 0., 1. ]
#Multiple thread support
multiple_thread: 1

#feature traker paprameters
max_cnt: 100            # max feature number in feature tracking
min_dist: 20            # min distance between two features 
freq: 10                # frequence (Hz) of publish tracking result. At least 10Hz for good estimation. If set 0, the frequence will be same as raw image 
F_threshold: 1.0        # ransac threshold (pixel)
show_track: 1           # publish tracking image as topic
flow_back: 1            # perform forward and backward optical flow to improve feature tracking accuracy

#optimization parameters
max_solver_time: 0.023  # max solver itration time (ms), to guarantee real time
max_num_iterations: 5   # max solver itrations, to guarantee real time
keyframe_parallax: 10.0 # keyframe selection threshold (pixel)

#imu parameters       The more accurate parameters you provide, the better performance
acc_n: 0.25          # accelerometer measurement noise standard deviation. #0.2   0.04
gyr_n: 0.05         # gyroscope measurement noise standard deviation.     #0.05  0.004
acc_w: 0.0001         # accelerometer bias random work noise standard deviation.  #0.002
gyr_w: 0.00001       # gyroscope bias random work noise standard deviation.     #4.0e-5
g_norm: 9.805         # gravity magnitude

#unsynchronization parameters
estimate_td: 1                      # online estimate time offset between camera and imu
td: 0.008121                           # initial value of time offset. unit: s. readed image clock + td = real image clock (IMU clock)

#loop closure parameters
load_previous_pose_graph: 0        # load and reuse previous pose graph; load from 'pose_graph_save_path'
pose_graph_save_path: "/home/fast/savedfiles/output/pose_graph/" # save and load path
save_image: 1                   # save image in pose graph for visualization prupose; you can close this function by setting 0 

