%YAML:1.0

#common parameters
#support: 1 imu 1 cam; 1 imu 2 cam: 2 cam; 
imu: 1         
num_of_cam: 2

imu_topic: "/mav/imu/data_raw"
image0_topic: "/camera/camera/infra1/image_rect_raw"
image1_topic: "/camera/camera/infra2/image_rect_raw"


output_path: "/home/alexmanson/altivision/vins_config"

cam0_calib: "left.yaml"
cam1_calib: "right.yaml"
image_width: 640
image_height: 480
   

# Extrinsic parameter between IMU and Camera.
estimate_extrinsic: 0   # 0  Have an accurate extrinsic parameters. We will trust the following imu^R_cam, imu^T_cam, don't change it.
                        # 1  Have an initial guess about extrinsic parameters. We will optimize around your initial guess.

body_T_cam0: !!opencv-matrix
   rows: 4
   cols: 4
   dt: d
   data: [ -0.061899610741327216, -0.053331201323268365,
       0.99665652115234249, 0.11282300224277121, -0.99805407256944256,
       -0.0042133287747068149, -0.062211864529096071,
       0.023909736395237628, 0.0075170750709671295, -0.99856799008683117,
       -0.052966619264629422, 0.061374789018900533, 0., 0., 0., 1. ]
body_T_cam1: !!opencv-matrix
   rows: 4
   cols: 4
   dt: d
   data: [ -0.062197275445288192, -0.053232778865245002,
       0.99664325120951214, 0.10859280759309647, -0.99803523856865273,
       -0.0042471453234291801, -0.062510993687622016,
       -0.025356970698268613, 0.0075605226271216646,
       -0.99857309848147091, -0.052864028286909726, 0.062144053641772855,
       0., 0., 0., 1. ]
#Multiple thread support
multiple_thread: 1

#feature traker paprameters
max_cnt: 80            # max feature number in feature tracking
min_dist: 40            # min distance between two features 
freq: 10                # frequence (Hz) of publish tracking result. At least 10Hz for good estimation. If set 0, the frequence will be same as raw image 
F_threshold: 1.0        # ransac threshold (pixel)
show_track: 1           # publish tracking image as topic
flow_back: 1            # perform forward and backward optical flow to improve feature tracking accuracy

#optimization parameters
max_solver_time: 0.015  # max solver itration time (ms), to guarantee real time
max_num_iterations: 2   # max solver itrations, to guarantee real time
keyframe_parallax: 10.0 # keyframe selection threshold (pixel)

#imu parameters       The more accurate parameters you provide, the better performance
acc_n: 0.3          # accelerometer measurement noise standard deviation. #0.2   0.04
gyr_n: 0.06         # gyroscope measurement noise standard deviation.     #0.05  0.004
acc_w: 0.0001         # accelerometer bias random work noise standard deviation.  #0.002
gyr_w: 0.00001       # gyroscope bias random work noise standard deviation.     #4.0e-5
g_norm: 9.805         # gravity magnitude

#unsynchronization parameters
estimate_td: 0                      # online estimate time offset between camera and imu
td: 0.009121                           # initial value of time offset. unit: s. readed image clock + td = real image clock (IMU clock)

#loop closure parameters
load_previous_pose_graph: 0        # load and reuse previous pose graph; load from 'pose_graph_save_path'
pose_graph_save_path: "/home/fast/savedfiles/output/pose_graph/" # save and load path
save_image: 1                   # save image in pose graph for visualization prupose; you can close this function by setting 0 

